0,0,0,0,0,0,0,0,0,0,
0,0,0,0,0,0,0,0,0,0,
0,0,0,100,100,100,100,0,0,0,
0,0,100,100,100,100,100,100,0,0,
0,0,100,100,100,100,100,100,0,0,
0,0,100,100,100,100,100,100,0,0,
0,0,100,100,100,100,100,100,0,0,
0,0,0,100,100,100,100,0,0,0,
0,0,0,0,0,0,0,0,0,0,
0,0,0,0,0,0,0,0,0,0,
#
0,0,0,0,0,0,0,0,0,0,
0,0,0,24,24,24,24,0,0,0,
0,0,48,52,76,76,52,48,0,0,
0,24,52,100,100,100,100,52,24,0,
0,24,76,100,100,100,100,76,24,0,
0,24,76,100,100,100,100,76,24,0,
0,24,52,100,100,100,100,52,24,0,
0,0,48,52,76,76,52,48,0,0,
0,0,0,24,24,24,24,0,0,0,
0,0,0,0,0,0,0,0,0,0,
#
0,0,0,0,0,0,0,0,0,0,
0,0,17.28,19.2,30.72,30.72,19.2,17.28,0,0,
0,17.28,26.88,61.6,63.52,63.52,61.6,26.88,17.28,0,
0,19.2,61.6,76.96,94.24,94.24,76.96,61.6,19.2,0,
0,30.72,63.52,94.24,100,100,94.24,63.52,30.72,0,
0,30.72,63.52,94.24,100,100,94.24,63.52,30.72,0,
0,19.2,61.6,76.96,94.24,94.24,76.96,61.6,19.2,0,
0,17.28,26.88,61.6,63.52,63.52,61.6,26.88,17.28,0,
0,0,17.28,19.2,30.72,30.72,19.2,17.28,0,0,
0,0,0,0,0,0,0,0,0,0,
#
0,0,0,0,0,0,0,0,0,0,
0,8.2944,11.7504,27.072,28.4544,28.4544,27.072,11.7504,8.2944,0,
0,11.7504,38.9376,47.2384,62.56,62.56,47.2384,38.9376,11.7504,0,
0,27.072,47.2384,77.8816,84.1024,84.1024,77.8816,47.2384,27.072,0,
0,28.4544,62.56,84.1024,97.2352,97.2352,84.1024,62.56,28.4544,0,
0,28.4544,62.56,84.1024,97.2352,97.2352,84.1024,62.56,28.4544,0,
0,27.072,47.2384,77.8816,84.1024,84.1024,77.8816,47.2384,27.072,0,
0,11.7504,38.9376,47.2384,62.56,62.56,47.2384,38.9376,11.7504,0,
0,8.2944,11.7504,27.072,28.4544,28.4544,27.072,11.7504,8.2944,0,
0,0,0,0,0,0,0,0,0,0,
#
0,0,0,0,0,0,0,0,0,0,
0,5.97197,18.303,22.0692,29.4789,29.4789,22.0692,18.303,5.97197,0,
0,18.303,29.8721,51.4378,55.8676,55.8676,51.4378,29.8721,18.303,0,
0,22.0692,51.4378,66.1588,80.5911,80.5911,66.1588,51.4378,22.0692,0,
0,29.4789,55.8676,80.5911,90.9315,90.9315,80.5911,55.8676,29.4789,0,
0,29.4789,55.8676,80.5911,90.9315,90.9315,80.5911,55.8676,29.4789,0,
0,22.0692,51.4378,66.1588,80.5911,80.5911,66.1588,51.4378,22.0692,0,
0,18.303,29.8721,51.4378,55.8676,55.8676,51.4378,29.8721,18.303,0,
0,5.97197,18.303,22.0692,29.4789,29.4789,22.0692,18.303,5.97197,0,
0,0,0,0,0,0,0,0,0,0,
#
0,0,0,0,0,0,0,0,0,0,
0,9.02431,14.6313,24.6955,26.959,26.959,24.6955,14.6313,9.02431,0,
0,14.6313,34.6705,43.8098,54.4048,54.4048,43.8098,34.6705,14.6313,0,
0,24.6955,43.8098,66.0202,73.6754,73.6754,66.0202,43.8098,24.6955,0,
0,26.959,54.4048,73.6754,85.9681,85.9681,73.6754,54.4048,26.959,0,
0,26.959,54.4048,73.6754,85.9681,85.9681,73.6754,54.4048,26.959,0,
0,24.6955,43.8098,66.0202,73.6754,73.6754,66.0202,43.8098,24.6955,0,
0,14.6313,34.6705,43.8098,54.4048,54.4048,43.8098,34.6705,14.6313,0,
0,9.02431,14.6313,24.6955,26.959,26.959,24.6955,14.6313,9.02431,0,
0,0,0,0,0,0,0,0,0,0,
#
0,0,0,0,0,0,0,0,0,0,
0,7.38401,16.9989,21.4838,26.5326,26.5326,21.4838,16.9989,7.38401,0,
0,16.9989,29.4386,44.9022,49.9,49.9,44.9022,29.4386,16.9989,0,
0,21.4838,44.9022,59.0337,70.1635,70.1635,59.0337,44.9022,21.4838,0,
0,26.5326,49.9,70.1635,80.0676,80.0676,70.1635,49.9,26.5326,0,
0,26.5326,49.9,70.1635,80.0676,80.0676,70.1635,49.9,26.5326,0,
0,21.4838,44.9022,59.0337,70.1635,70.1635,59.0337,44.9022,21.4838,0,
0,16.9989,29.4386,44.9022,49.9,49.9,44.9022,29.4386,16.9989,0,
0,7.38401,16.9989,21.4838,26.5326,26.5326,21.4838,16.9989,7.38401,0,
0,0,0,0,0,0,0,0,0,0,
#
0,0,0,0,0,0,0,0,0,0,
0,8.45484,14.6735,22.0835,24.5612,24.5612,22.0835,14.6735,8.45484,0,
0,14.6735,30.8901,40.1615,47.9556,47.9556,40.1615,30.8901,14.6735,0,
0,22.0835,40.1615,57.5929,65.0061,65.0061,57.5929,40.1615,22.0835,0,
0,24.5612,47.9556,65.0061,75.3136,75.3136,65.0061,47.9556,24.5612,0,
0,24.5612,47.9556,65.0061,75.3136,75.3136,65.0061,47.9556,24.5612,0,
0,22.0835,40.1615,57.5929,65.0061,65.0061,57.5929,40.1615,22.0835,0,
0,14.6735,30.8901,40.1615,47.9556,47.9556,40.1615,30.8901,14.6735,0,
0,8.45484,14.6735,22.0835,24.5612,24.5612,22.0835,14.6735,8.45484,0,
0,0,0,0,0,0,0,0,0,0,
#
0,0,0,0,0,0,0,0,0,0,
0,7.38147,15.3298,19.9384,23.6865,23.6865,19.9384,15.3298,7.38147,0,
0,15.3298,27.5564,39.6517,44.5625,44.5625,39.6517,27.5564,15.3298,0,
0,19.9384,39.6517,52.7842,61.6086,61.6086,52.7842,39.6517,19.9384,0,
0,23.6865,44.5625,61.6086,70.366,70.366,61.6086,44.5625,23.6865,0,
0,23.6865,44.5625,61.6086,70.366,70.366,61.6086,44.5625,23.6865,0,
0,19.9384,39.6517,52.7842,61.6086,61.6086,52.7842,39.6517,19.9384,0,
0,15.3298,27.5564,39.6517,44.5625,44.5625,39.6517,27.5564,15.3298,0,
0,7.38147,15.3298,19.9384,23.6865,23.6865,19.9384,15.3298,7.38147,0,
0,0,0,0,0,0,0,0,0,0,
#
0,0,0,0,0,0,0,0,0,0,
0,7.65354,13.7835,19.6779,22.1124,22.1124,19.6779,13.7835,7.65354,0,
0,13.7835,27.4934,36.348,42.4647,42.4647,36.348,27.4934,13.7835,0,
0,19.6779,36.348,50.7163,57.5014,57.5014,50.7163,36.348,19.6779,0,
0,22.1124,42.4647,57.5014,66.1624,66.1624,57.5014,42.4647,22.1124,0,
0,22.1124,42.4647,57.5014,66.1624,66.1624,57.5014,42.4647,22.1124,0,
0,19.6779,36.348,50.7163,57.5014,57.5014,50.7163,36.348,19.6779,0,
0,13.7835,27.4934,36.348,42.4647,42.4647,36.348,27.4934,13.7835,0,
0,7.65354,13.7835,19.6779,22.1124,22.1124,19.6779,13.7835,7.65354,0,
0,0,0,0,0,0,0,0,0,0,
#
0,0,0,0,0,0,0,0,0,0,
0,6.92223,13.7093,18.1257,21.1057,21.1057,18.1257,13.7093,6.92223,0,
0,13.7093,25.1629,35.1385,39.721,39.721,35.1385,25.1629,13.7093,0,
0,18.1257,35.1385,47.0764,54.3429,54.3429,47.0764,35.1385,18.1257,0,
0,21.1057,39.721,54.3429,62.0052,62.0052,54.3429,39.721,21.1057,0,
0,21.1057,39.721,54.3429,62.0052,62.0052,54.3429,39.721,21.1057,0,
0,18.1257,35.1385,47.0764,54.3429,54.3429,47.0764,35.1385,18.1257,0,
0,13.7093,25.1629,35.1385,39.721,39.721,35.1385,25.1629,13.7093,0,
0,6.92223,13.7093,18.1257,21.1057,21.1057,18.1257,13.7093,6.92223,0,
0,0,0,0,0,0,0,0,0,0,
#
0,0,0,0,0,0,0,0,0,0,
0,6.85735,12.599,17.5139,19.7928,19.7928,17.5139,12.599,6.85735,0,
0,12.599,24.4534,32.6262,37.6628,37.6628,32.6262,24.4534,12.599,0,
0,17.5139,32.6262,44.8341,50.9286,50.9286,44.8341,32.6262,17.5139,0,
0,19.7928,37.6628,50.9286,58.3273,58.3273,50.9286,37.6628,19.7928,0,
0,19.7928,37.6628,50.9286,58.3273,58.3273,50.9286,37.6628,19.7928,0,
0,17.5139,32.6262,44.8341,50.9286,50.9286,44.8341,32.6262,17.5139,0,
0,12.599,24.4534,32.6262,37.6628,37.6628,32.6262,24.4534,12.599,0,
0,6.85735,12.599,17.5139,19.7928,19.7928,17.5139,12.599,6.85735,0,
0,0,0,0,0,0,0,0,0,0,
#
0,0,0,0,0,0,0,0,0,0,
0,6.32179,12.2219,16.3049,18.7844,18.7844,16.3049,12.2219,6.32179,0,
0,12.2219,22.6862,31.1764,35.349,35.349,31.1764,22.6862,12.2219,0,
0,16.3049,31.1764,41.8997,48.0578,48.0578,41.8997,31.1764,16.3049,0,
0,18.7844,35.349,48.0578,54.7759,54.7759,48.0578,35.349,18.7844,0,
0,18.7844,35.349,48.0578,54.7759,54.7759,48.0578,35.349,18.7844,0,
0,16.3049,31.1764,41.8997,48.0578,48.0578,41.8997,31.1764,16.3049,0,
0,12.2219,22.6862,31.1764,35.349,35.349,31.1764,22.6862,12.2219,0,
0,6.32179,12.2219,16.3049,18.7844,18.7844,16.3049,12.2219,6.32179,0,
0,0,0,0,0,0,0,0,0,0,
#
0,0,0,0,0,0,0,0,0,0,
0,6.11937,11.364,15.576,17.6565,17.6565,15.576,11.364,6.11937,0,
0,11.364,21.7386,29.1446,33.4222,33.4222,29.1446,21.7386,11.364,0,
0,15.576,29.1446,39.7084,45.1421,45.1421,39.7084,29.1446,15.576,0,
0,17.6565,33.4222,45.1421,51.5512,51.5512,45.1421,33.4222,17.6565,0,
0,17.6565,33.4222,45.1421,51.5512,51.5512,45.1421,33.4222,17.6565,0,
0,15.576,29.1446,39.7084,45.1421,45.1421,39.7084,29.1446,15.576,0,
0,11.364,21.7386,29.1446,33.4222,33.4222,29.1446,21.7386,11.364,0,
0,6.11937,11.364,15.576,17.6565,17.6565,15.576,11.364,6.11937,0,
0,0,0,0,0,0,0,0,0,0,
#
0,0,0,0,0,0,0,0,0,0,
0,5.69947,10.8787,14.5827,16.7034,16.7034,14.5827,10.8787,5.69947,0,
0,10.8787,20.3136,27.6727,31.4246,31.4246,27.6727,20.3136,10.8787,0,
0,14.5827,27.6727,37.2459,42.5634,42.5634,37.2459,27.6727,14.5827,0,
0,16.7034,31.4246,42.5634,48.4748,48.4748,42.5634,31.4246,16.7034,0,
0,16.7034,31.4246,42.5634,48.4748,48.4748,42.5634,31.4246,16.7034,0,
0,14.5827,27.6727,37.2459,42.5634,42.5634,37.2459,27.6727,14.5827,0,
0,10.8787,20.3136,27.6727,31.4246,31.4246,27.6727,20.3136,10.8787,0,
0,5.69947,10.8787,14.5827,16.7034,16.7034,14.5827,10.8787,5.69947,0,
0,0,0,0,0,0,0,0,0,0,
#
0,0,0,0,0,0,0,0,0,0,
0,5.44977,10.1781,13.8445,15.7187,15.7187,13.8445,10.1781,5.44977,0,
0,10.1781,19.3172,25.9629,29.6644,29.6644,25.9629,19.3172,10.1781,0,
0,13.8445,25.9629,35.2032,40.0326,40.0326,35.2032,25.9629,13.8445,0,
0,15.7187,29.6644,40.0326,45.6374,45.6374,40.0326,29.6644,15.7187,0,
0,15.7187,29.6644,40.0326,45.6374,45.6374,40.0326,29.6644,15.7187,0,
0,13.8445,25.9629,35.2032,40.0326,40.0326,35.2032,25.9629,13.8445,0,
0,10.1781,19.3172,25.9629,29.6644,29.6644,25.9629,19.3172,10.1781,0,
0,5.44977,10.1781,13.8445,15.7187,15.7187,13.8445,10.1781,5.44977,0,
0,0,0,0,0,0,0,0,0,0,
#
0,0,0,0,0,0,0,0,0,0,
0,5.1035,9.67387,13.0001,14.8434,14.8434,13.0001,9.67387,5.1035,0,
0,9.67387,18.1204,24.5655,27.9174,27.9174,24.5655,18.1204,9.67387,0,
0,13.0001,24.5655,33.086,37.7303,37.7303,33.086,24.5655,13.0001,0,
0,14.8434,27.9174,37.7303,42.9471,42.9471,37.7303,27.9174,14.8434,0,
0,14.8434,27.9174,37.7303,42.9471,42.9471,37.7303,27.9174,14.8434,0,
0,13.0001,24.5655,33.086,37.7303,37.7303,33.086,24.5655,13.0001,0,
0,9.67387,18.1204,24.5655,27.9174,27.9174,24.5655,18.1204,9.67387,0,
0,5.1035,9.67387,13.0001,14.8434,14.8434,13.0001,9.67387,5.1035,0,
0,0,0,0,0,0,0,0,0,0,
#
0,0,0,0,0,0,0,0,0,0,
0,4.8476,9.08072,12.2999,13.9764,13.9764,12.2999,9.08072,4.8476,0,
0,9.08072,17.1597,23.0924,26.3303,26.3303,23.0924,17.1597,9.08072,0,
0,12.2999,23.0924,31.2254,35.5126,35.5126,31.2254,23.0924,12.2999,0,
0,13.9764,26.3303,35.5126,40.443,40.443,35.5126,26.3303,13.9764,0,
0,13.9764,26.3303,35.5126,40.443,40.443,35.5126,26.3303,13.9764,0,
0,12.2999,23.0924,31.2254,35.5126,35.5126,31.2254,23.0924,12.2999,0,
0,9.08072,17.1597,23.0924,26.3303,26.3303,23.0924,17.1597,9.08072,0,
0,4.8476,9.08072,12.2999,13.9764,13.9764,12.2999,9.08072,4.8476,0,
0,0,0,0,0,0,0,0,0,0,
#
0,0,0,0,0,0,0,0,0,0,
0,4.55265,8.59695,11.5679,13.1846,13.1846,11.5679,8.59695,4.55265,0,
0,8.59695,16.1295,21.8074,24.792,24.792,21.8074,16.1295,8.59695,0,
0,11.5679,21.8074,29.3794,33.4632,33.4632,29.3794,21.8074,11.5679,0,
0,13.1846,24.792,33.4632,38.0764,38.0764,33.4632,24.792,13.1846,0,
0,13.1846,24.792,33.4632,38.0764,38.0764,33.4632,24.792,13.1846,0,
0,11.5679,21.8074,29.3794,33.4632,33.4632,29.3794,21.8074,11.5679,0,
0,8.59695,16.1295,21.8074,24.792,24.792,21.8074,16.1295,8.59695,0,
0,4.55265,8.59695,11.5679,13.1846,13.1846,11.5679,8.59695,4.55265,0,
0,0,0,0,0,0,0,0,0,0,
#
0,0,0,0,0,0,0,0,0,0,
0,4.30864,8.08388,10.9241,12.4181,12.4181,10.9241,8.08388,4.30864,0,
0,8.08388,15.2393,20.5208,23.371,23.371,20.5208,15.2393,8.08388,0,
0,10.9241,20.5208,27.7051,31.5092,31.5092,27.7051,20.5208,10.9241,0,
0,12.4181,23.371,31.5092,35.8621,35.8621,31.5092,23.371,12.4181,0,
0,12.4181,23.371,31.5092,35.8621,35.8621,31.5092,23.371,12.4181,0,
0,10.9241,20.5208,27.7051,31.5092,31.5092,27.7051,20.5208,10.9241,0,
0,8.08388,15.2393,20.5208,23.371,23.371,20.5208,15.2393,8.08388,0,
0,4.30864,8.08388,10.9241,12.4181,12.4181,10.9241,8.08388,4.30864,0,
0,0,0,0,0,0,0,0,0,0,
#
0,0,0,0,0,0,0,0,0,0,
0,4.05261,7.63663,10.2824,11.7079,11.7079,10.2824,7.63663,4.05261,0,
0,7.63663,14.3398,19.3583,22.0114,22.0114,19.3583,14.3398,7.63663,0,
0,10.2824,19.3583,26.0826,29.6877,29.6877,26.0826,19.3583,10.2824,0,
0,11.7079,22.0114,29.6877,33.7727,33.7727,29.6877,22.0114,11.7079,0,
0,11.7079,22.0114,29.6877,33.7727,33.7727,29.6877,22.0114,11.7079,0,
0,10.2824,19.3583,26.0826,29.6877,29.6877,26.0826,19.3583,10.2824,0,
0,7.63663,14.3398,19.3583,22.0114,22.0114,19.3583,14.3398,7.63663,0,
0,4.05261,7.63663,10.2824,11.7079,11.7079,10.2824,7.63663,4.05261,0,
0,0,0,0,0,0,0,0,0,0,
#
0,0,0,0,0,0,0,0,0,0,
0,3.82768,7.18743,9.69997,11.0287,11.0287,9.69997,7.18743,3.82768,0,
0,7.18743,13.5312,18.2262,20.7441,20.7441,18.2262,13.5312,7.18743,0,
0,9.69997,18.2262,24.5854,27.9606,27.9606,24.5854,18.2262,9.69997,0,
0,11.0287,20.7441,27.9606,31.8119,31.8119,27.9606,20.7441,11.0287,0,
0,11.0287,20.7441,27.9606,31.8119,31.8119,27.9606,20.7441,11.0287,0,
0,9.69997,18.2262,24.5854,27.9606,27.9606,24.5854,18.2262,9.69997,0,
0,7.18743,13.5312,18.2262,20.7441,20.7441,18.2262,13.5312,7.18743,0,
0,3.82768,7.18743,9.69997,11.0287,11.0287,9.69997,7.18743,3.82768,0,
0,0,0,0,0,0,0,0,0,0,
#
0,0,0,0,0,0,0,0,0,0,
0,3.60307,6.78161,9.13417,10.3946,10.3946,9.13417,6.78161,3.60307,0,
0,6.78161,12.7398,17.1836,19.5401,19.5401,17.1836,12.7398,6.78161,0,
0,9.13417,17.1836,23.1531,26.3429,26.3429,23.1531,17.1836,9.13417,0,
0,10.3946,19.5401,26.3429,29.9633,29.9633,26.3429,19.5401,10.3946,0,
0,10.3946,19.5401,26.3429,29.9633,29.9633,26.3429,19.5401,10.3946,0,
0,9.13417,17.1836,23.1531,26.3429,26.3429,23.1531,17.1836,9.13417,0,
0,6.78161,12.7398,17.1836,19.5401,19.5401,17.1836,12.7398,6.78161,0,
0,3.60307,6.78161,9.13417,10.3946,10.3946,9.13417,6.78161,3.60307,0,
0,0,0,0,0,0,0,0,0,0,
#
0,0,0,0,0,0,0,0,0,0,
0,3.3993,6.38575,8.61173,9.79232,9.79232,8.61173,6.38575,3.3993,0,
0,6.38575,12.0129,16.1835,18.4123,18.4123,16.1835,12.0129,6.38575,0,
0,8.61173,16.1835,21.8188,24.8136,24.8136,21.8188,16.1835,8.61173,0,
0,9.79232,18.4123,24.8136,28.2255,28.2255,24.8136,18.4123,9.79232,0,
0,9.79232,18.4123,24.8136,28.2255,28.2255,24.8136,18.4123,9.79232,0,
0,8.61173,16.1835,21.8188,24.8136,24.8136,21.8188,16.1835,8.61173,0,
0,6.38575,12.0129,16.1835,18.4123,18.4123,16.1835,12.0129,6.38575,0,
0,3.3993,6.38575,8.61173,9.79232,9.79232,8.61173,6.38575,3.3993,0,
0,0,0,0,0,0,0,0,0,0,
#
0,0,0,0,0,0,0,0,0,0,
0,3.20113,6.02117,8.11124,9.22761,9.22761,8.11124,6.02117,3.20113,0,
0,6.02117,11.3137,15.2527,17.3449,17.3449,15.2527,11.3137,6.02117,0,
0,8.11124,15.2527,20.5513,23.3774,23.3774,20.5513,15.2527,8.11124,0,
0,9.22761,17.3449,23.3774,26.5878,26.5878,23.3774,17.3449,9.22761,0,
0,9.22761,17.3449,23.3774,26.5878,26.5878,23.3774,17.3449,9.22761,0,
0,8.11124,15.2527,20.5513,23.3774,23.3774,20.5513,15.2527,8.11124,0,
0,6.02117,11.3137,15.2527,17.3449,17.3449,15.2527,11.3137,6.02117,0,
0,3.20113,6.02117,8.11124,9.22761,9.22761,8.11124,6.02117,3.20113,0,
0,0,0,0,0,0,0,0,0,0,
#
0,0,0,0,0,0,0,0,0,0,
0,3.01821,5.67111,7.64481,8.6932,8.6932,7.64481,5.67111,3.01821,0,
0,5.67111,10.664,14.3672,16.3424,16.3424,14.3672,10.664,5.67111,0,
0,7.64481,14.3672,19.3645,22.0218,22.0218,19.3645,14.3672,7.64481,0,
0,8.6932,16.3424,22.0218,25.0468,25.0468,22.0218,16.3424,8.6932,0,
0,8.6932,16.3424,22.0218,25.0468,25.0468,22.0218,16.3424,8.6932,0,
0,7.64481,14.3672,19.3645,22.0218,22.0218,19.3645,14.3672,7.64481,0,
0,5.67111,10.664,14.3672,16.3424,16.3424,14.3672,10.664,5.67111,0,
0,3.01821,5.67111,7.64481,8.6932,8.6932,7.64481,5.67111,3.01821,0,
0,0,0,0,0,0,0,0,0,0,
#
0,0,0,0,0,0,0,0,0,0,
0,2.84286,5.34533,7.20135,8.19103,8.19103,7.20135,5.34533,2.84286,0,
0,5.34533,10.0449,13.5385,15.3956,15.3956,13.5385,10.0449,5.34533,0,
0,7.20135,13.5385,18.2413,20.747,20.747,18.2413,13.5385,7.20135,0,
0,8.19103,15.3956,20.747,23.5948,23.5948,20.747,15.3956,8.19103,0,
0,8.19103,15.3956,20.747,23.5948,23.5948,20.747,15.3956,8.19103,0,
0,7.20135,13.5385,18.2413,20.747,20.747,18.2413,13.5385,7.20135,0,
0,5.34533,10.0449,13.5385,15.3956,15.3956,13.5385,10.0449,5.34533,0,
0,2.84286,5.34533,7.20135,8.19103,8.19103,7.20135,5.34533,2.84286,0,
0,0,0,0,0,0,0,0,0,0,
#
0,0,0,0,0,0,0,0,0,0,
0,2.67947,5.03521,6.78601,7.71676,7.71676,6.78601,5.03521,2.67947,0,
0,5.03521,9.46602,12.7535,14.5051,14.5051,12.7535,9.46602,5.03521,0,
0,6.78601,12.7535,17.1867,19.5448,19.5448,17.1867,12.7535,6.78601,0,
0,7.71676,14.5051,19.5448,22.2279,22.2279,19.5448,14.5051,7.71676,0,
0,7.71676,14.5051,19.5448,22.2279,22.2279,19.5448,14.5051,7.71676,0,
0,6.78601,12.7535,17.1867,19.5448,19.5448,17.1867,12.7535,6.78601,0,
0,5.03521,9.46602,12.7535,14.5051,14.5051,12.7535,9.46602,5.03521,0,
0,2.67947,5.03521,6.78601,7.71676,7.71676,6.78601,5.03521,2.67947,0,
0,0,0,0,0,0,0,0,0,0,
#
0,0,0,0,0,0,0,0,0,0,
0,2.52408,4.74497,6.39276,7.27057,7.27057,6.39276,4.74497,2.52408,0,
0,4.74497,8.91723,12.0167,13.665,13.665,12.0167,8.91723,4.74497,0,
0,6.39276,12.0167,16.1906,18.4133,18.4133,16.1906,12.0167,6.39276,0,
0,7.27057,13.665,18.4133,20.94,20.94,18.4133,13.665,7.27057,0,
0,7.27057,13.665,18.4133,20.94,20.94,18.4133,13.665,7.27057,0,
0,6.39276,12.0167,16.1906,18.4133,18.4133,16.1906,12.0167,6.39276,0,
0,4.74497,8.91723,12.0167,13.665,13.665,12.0167,8.91723,4.74497,0,
0,2.52408,4.74497,6.39276,7.27057,7.27057,6.39276,4.74497,2.52408,0,
0,0,0,0,0,0,0,0,0,0,
#
0,0,0,0,0,0,0,0,0,0,
0,2.37855,4.46997,6.02344,6.84963,6.84963,6.02344,4.46997,2.37855,0,
0,4.46997,8.40227,11.3204,12.8743,12.8743,11.3204,8.40227,4.46997,0,
0,6.02344,11.3204,15.254,17.3467,17.3467,15.254,11.3204,6.02344,0,
0,6.84963,12.8743,17.3467,19.7272,19.7272,17.3467,12.8743,6.84963,0,
0,6.84963,12.8743,17.3467,19.7272,19.7272,17.3467,12.8743,6.84963,0,
0,6.02344,11.3204,15.254,17.3467,17.3467,15.254,11.3204,6.02344,0,
0,4.46997,8.40227,11.3204,12.8743,12.8743,11.3204,8.40227,4.46997,0,
0,2.37855,4.46997,6.02344,6.84963,6.84963,6.02344,4.46997,2.37855,0,
0,0,0,0,0,0,0,0,0,0,
#
0,0,0,0,0,0,0,0,0,0,
0,2.24073,4.21182,5.67455,6.45336,6.45336,5.67455,4.21182,2.24073,0,
0,4.21182,7.91549,10.6658,12.1288,12.1288,10.6658,7.91549,4.21182,0,
0,5.67455,10.6658,14.3704,16.3424,16.3424,14.3704,10.6658,5.67455,0,
0,6.45336,12.1288,16.3424,18.5845,18.5845,16.3424,12.1288,6.45336,0,
0,6.45336,12.1288,16.3424,18.5845,18.5845,16.3424,12.1288,6.45336,0,
0,5.67455,10.6658,14.3704,16.3424,16.3424,14.3704,10.6658,5.67455,0,
0,4.21182,7.91549,10.6658,12.1288,12.1288,10.6658,7.91549,4.21182,0,
0,2.24073,4.21182,5.67455,6.45336,6.45336,5.67455,4.21182,2.24073,0,
0,0,0,0,0,0,0,0,0,0,
#
0,0,0,0,0,0,0,0,0,0,
0,2.1113,3.96786,5.34641,6.07975,6.07975,5.34641,3.96786,2.1113,0,
0,3.96786,7.45787,10.048,11.4268,11.4268,10.048,7.45787,3.96786,0,
0,5.34641,10.048,13.5387,15.396,15.396,13.5387,10.048,5.34641,0,
0,6.07975,11.4268,15.396,17.5083,17.5083,15.396,11.4268,6.07975,0,
0,6.07975,11.4268,15.396,17.5083,17.5083,15.396,11.4268,6.07975,0,
0,5.34641,10.048,13.5387,15.396,15.396,13.5387,10.048,5.34641,0,
0,3.96786,7.45787,10.048,11.4268,11.4268,10.048,7.45787,3.96786,0,
0,2.1113,3.96786,5.34641,6.07975,6.07975,5.34641,3.96786,2.1113,0,
0,0,0,0,0,0,0,0,0,0,
#
0,0,0,0,0,0,0,0,0,0,
0,1.98902,3.73846,5.03681,5.72791,5.72791,5.03681,3.73846,1.98902,0,
0,3.73846,7.02595,9.46669,10.7652,10.7652,9.46669,7.02595,3.73846,0,
0,5.03681,9.46669,12.7547,14.5046,14.5046,12.7547,9.46669,5.03681,0,
0,5.72791,10.7652,14.5046,16.4944,16.4944,14.5046,10.7652,5.72791,0,
0,5.72791,10.7652,14.5046,16.4944,16.4944,14.5046,10.7652,5.72791,0,
0,5.03681,9.46669,12.7547,14.5046,14.5046,12.7547,9.46669,5.03681,0,
0,3.73846,7.02595,9.46669,10.7652,10.7652,9.46669,7.02595,3.73846,0,
0,1.98902,3.73846,5.03681,5.72791,5.72791,5.03681,3.73846,1.98902,0,
0,0,0,0,0,0,0,0,0,0,
#
0,0,0,0,0,0,0,0,0,0,
0,1.87402,3.52197,4.74541,5.3963,5.3963,4.74541,3.52197,1.87402,0,
0,3.52197,6.61951,8.9185,10.1421,10.1421,8.9185,6.61951,3.52197,0,
0,4.74541,8.9185,12.0164,13.6647,13.6647,12.0164,8.9185,4.74541,0,
0,5.3963,10.1421,13.6647,15.5393,15.5393,13.6647,10.1421,5.3963,0,
0,5.3963,10.1421,13.6647,15.5393,15.5393,13.6647,10.1421,5.3963,0,
0,4.74541,8.9185,12.0164,13.6647,13.6647,12.0164,8.9185,4.74541,0,
0,3.52197,6.61951,8.9185,10.1421,10.1421,8.9185,6.61951,3.52197,0,
0,1.87402,3.52197,4.74541,5.3963,5.3963,4.74541,3.52197,1.87402,0,
0,0,0,0,0,0,0,0,0,0,
#
0,0,0,0,0,0,0,0,0,0,
0,1.7655,3.31822,4.47064,5.08396,5.08396,4.47064,3.31822,1.7655,0,
0,3.31822,6.23621,8.40235,9.55486,9.55486,8.40235,6.23621,3.31822,0,
0,4.47064,8.40235,11.3206,12.8736,12.8736,11.3206,8.40235,4.47064,0,
0,5.08396,9.55486,12.8736,14.6395,14.6395,12.8736,9.55486,5.08396,0,
0,5.08396,9.55486,12.8736,14.6395,14.6395,12.8736,9.55486,5.08396,0,
0,4.47064,8.40235,11.3206,12.8736,12.8736,11.3206,8.40235,4.47064,0,
0,3.31822,6.23621,8.40235,9.55486,9.55486,8.40235,6.23621,3.31822,0,
0,1.7655,3.31822,4.47064,5.08396,5.08396,4.47064,3.31822,1.7655,0,
0,0,0,0,0,0,0,0,0,0,
#
0,0,0,0,0,0,0,0,0,0,
0,1.66337,3.12609,4.21191,4.78963,4.78963,4.21191,3.12609,1.66337,0,
0,3.12609,5.87532,7.91585,9.00174,9.00174,7.91585,5.87532,3.12609,0,
0,4.21191,7.91585,10.6653,12.1282,12.1282,10.6653,7.91585,4.21191,0,
0,4.78963,9.00174,12.1282,13.7919,13.7919,12.1282,9.00174,4.78963,0,
0,4.78963,9.00174,12.1282,13.7919,13.7919,12.1282,9.00174,4.78963,0,
0,4.21191,7.91585,10.6653,12.1282,12.1282,10.6653,7.91585,4.21191,0,
0,3.12609,5.87532,7.91585,9.00174,9.00174,7.91585,5.87532,3.12609,0,
0,1.66337,3.12609,4.21191,4.78963,4.78963,4.21191,3.12609,1.66337,0,
0,0,0,0,0,0,0,0,0,0,
#
0,0,0,0,0,0,0,0,0,0,
0,1.56706,2.94519,3.96805,4.51237,4.51237,3.96805,2.94519,1.56706,0,
0,2.94519,5.53515,7.45765,8.48057,8.48057,7.45765,5.53515,2.94519,0,
0,3.96805,7.45765,10.0477,11.426,11.426,10.0477,7.45765,3.96805,0,
0,4.51237,8.48057,11.426,12.9933,12.9933,11.426,8.48057,4.51237,0,
0,4.51237,8.48057,11.426,12.9933,12.9933,11.426,8.48057,4.51237,0,
0,3.96805,7.45765,10.0477,11.426,11.426,10.0477,7.45765,3.96805,0,
0,2.94519,5.53515,7.45765,8.48057,8.48057,7.45765,5.53515,2.94519,0,
0,1.56706,2.94519,3.96805,4.51237,4.51237,3.96805,2.94519,1.56706,0,
0,0,0,0,0,0,0,0,0,0,
#
0,0,0,0,0,0,0,0,0,0,
0,1.47637,2.77467,3.73837,4.25113,4.25113,3.73837,2.77467,1.47637,0,
0,2.77467,5.21477,7.02587,7.98961,7.98961,7.02587,5.21477,2.77467,0,
0,3.73837,7.02587,9.46607,10.7645,10.7645,9.46607,7.02587,3.73837,0,
0,4.25113,7.98961,10.7645,12.241,12.241,10.7645,7.98961,4.25113,0,
0,4.25113,7.98961,10.7645,12.241,12.241,10.7645,7.98961,4.25113,0,
0,3.73837,7.02587,9.46607,10.7645,10.7645,9.46607,7.02587,3.73837,0,
0,2.77467,5.21477,7.02587,7.98961,7.98961,7.02587,5.21477,2.77467,0,
0,1.47637,2.77467,3.73837,4.25113,4.25113,3.73837,2.77467,1.47637,0,
0,0,0,0,0,0,0,0,0,0,
#
0,0,0,0,0,0,0,0,0,0,
0,1.3909,2.61407,3.52194,4.00503,4.00503,3.52194,2.61407,1.3909,0,
0,2.61407,4.91285,6.61915,7.52704,7.52704,6.61915,4.91285,2.61407,0,
0,3.52194,6.61915,8.91801,10.1413,10.1413,8.91801,6.61915,3.52194,0,
0,4.00503,7.52704,10.1413,11.5323,11.5323,10.1413,7.52704,4.00503,0,
0,4.00503,7.52704,10.1413,11.5323,11.5323,10.1413,7.52704,4.00503,0,
0,3.52194,6.61915,8.91801,10.1413,10.1413,8.91801,6.61915,3.52194,0,
0,2.61407,4.91285,6.61915,7.52704,7.52704,6.61915,4.91285,2.61407,0,
0,1.3909,2.61407,3.52194,4.00503,4.00503,3.52194,2.61407,1.3909,0,
0,0,0,0,0,0,0,0,0,0,
#
0,0,0,0,0,0,0,0,0,0,
0,1.31039,2.46273,3.31806,3.77316,3.77316,3.31806,2.46273,1.31039,0,
0,2.46273,4.62846,6.23593,7.09128,7.09128,6.23593,4.62846,2.46273,0,
0,3.31806,6.23593,8.40172,9.55411,9.55411,8.40172,6.23593,3.31806,0,
0,3.77316,7.09128,9.55411,10.8646,10.8646,9.55411,7.09128,3.77316,0,
0,3.77316,7.09128,9.55411,10.8646,10.8646,9.55411,7.09128,3.77316,0,
0,3.31806,6.23593,8.40172,9.55411,9.55411,8.40172,6.23593,3.31806,0,
0,2.46273,4.62846,6.23593,7.09128,7.09128,6.23593,4.62846,2.46273,0,
0,1.31039,2.46273,3.31806,3.77316,3.77316,3.31806,2.46273,1.31039,0,
0,0,0,0,0,0,0,0,0,0,
#
0,0,0,0,0,0,0,0,0,0,
0,1.23452,2.32017,3.12596,3.55473,3.55473,3.12596,2.32017,1.23452,0,
0,2.32017,4.36049,5.87492,6.68073,6.68073,5.87492,4.36049,2.32017,0,
0,3.12596,5.87492,7.91529,9.00097,9.00097,7.91529,5.87492,3.12596,0,
0,3.55473,6.68073,9.00097,10.2356,10.2356,9.00097,6.68073,3.55473,0,
0,3.55473,6.68073,9.00097,10.2356,10.2356,9.00097,6.68073,3.55473,0,
0,3.12596,5.87492,7.91529,9.00097,9.00097,7.91529,5.87492,3.12596,0,
0,2.32017,4.36049,5.87492,6.68073,6.68073,5.87492,4.36049,2.32017,0,
0,1.23452,2.32017,3.12596,3.55473,3.55473,3.12596,2.32017,1.23452,0,
0,0,0,0,0,0,0,0,0,0,
#
0,0,0,0,0,0,0,0,0,0,
0,1.16306,2.18584,2.94499,3.34893,3.34893,2.94499,2.18584,1.16306,0,
0,2.18584,4.10806,5.53479,6.29395,6.29395,5.53479,4.10806,2.18584,0,
0,2.94499,5.53479,7.45704,8.47985,8.47985,7.45704,5.53479,2.94499,0,
0,3.34893,6.29395,8.47985,9.64295,9.64295,8.47985,6.29395,3.34893,0,
0,3.34893,6.29395,8.47985,9.64295,9.64295,8.47985,6.29395,3.34893,0,
0,2.94499,5.53479,7.45704,8.47985,8.47985,7.45704,5.53479,2.94499,0,
0,2.18584,4.10806,5.53479,6.29395,6.29395,5.53479,4.10806,2.18584,0,
0,1.16306,2.18584,2.94499,3.34893,3.34893,2.94499,2.18584,1.16306,0,
0,0,0,0,0,0,0,0,0,0,
#
0,0,0,0,0,0,0,0,0,0,
0,1.09573,2.0593,2.77449,3.15505,3.15505,2.77449,2.0593,1.09573,0,
0,2.0593,3.87022,5.21436,5.92956,5.92956,5.21436,3.87022,2.0593,0,
0,2.77449,5.21436,7.02531,7.9889,7.9889,7.02531,5.21436,2.77449,0,
0,3.15505,5.92956,7.9889,9.08466,9.08466,7.9889,5.92956,3.15505,0,
0,3.15505,5.92956,7.9889,9.08466,9.08466,7.9889,5.92956,3.15505,0,
0,2.77449,5.21436,7.02531,7.9889,7.9889,7.02531,5.21436,2.77449,0,
0,2.0593,3.87022,5.21436,5.92956,5.92956,5.21436,3.87022,2.0593,0,
0,1.09573,2.0593,2.77449,3.15505,3.15505,2.77449,2.0593,1.09573,0,
0,0,0,0,0,0,0,0,0,0,
#
0,0,0,0,0,0,0,0,0,0,
0,1.03229,1.94008,2.61387,2.97239,2.97239,2.61387,1.94008,1.03229,0,
0,1.94008,3.64617,4.91248,5.58627,5.58627,4.91248,3.64617,1.94008,0,
0,2.61387,4.91248,6.61858,7.52638,7.52638,6.61858,4.91248,2.61387,0,
0,2.97239,5.58627,7.52638,8.5587,8.5587,7.52638,5.58627,2.97239,0,
0,2.97239,5.58627,7.52638,8.5587,8.5587,7.52638,5.58627,2.97239,0,
0,2.61387,4.91248,6.61858,7.52638,7.52638,6.61858,4.91248,2.61387,0,
0,1.94008,3.64617,4.91248,5.58627,5.58627,4.91248,3.64617,1.94008,0,
0,1.03229,1.94008,2.61387,2.97239,2.97239,2.61387,1.94008,1.03229,0,
0,0,0,0,0,0,0,0,0,0,
#
0,0,0,0,0,0,0,0,0,0,
0,0.972529,1.82776,2.46254,2.8003,2.8003,2.46254,1.82776,0.972529,0,
0,1.82776,3.43507,4.62807,5.26285,5.26285,4.62807,3.43507,1.82776,0,
0,2.46254,4.62807,6.23539,7.09064,7.09064,6.23539,4.62807,2.46254,0,
0,2.8003,5.26285,7.09064,8.06319,8.06319,7.09064,5.26285,2.8003,0,
0,2.8003,5.26285,7.09064,8.06319,8.06319,7.09064,5.26285,2.8003,0,
0,2.46254,4.62807,6.23539,7.09064,7.09064,6.23539,4.62807,2.46254,0,
0,1.82776,3.43507,4.62807,5.26285,5.26285,4.62807,3.43507,1.82776,0,
0,0.972529,1.82776,2.46254,2.8003,2.8003,2.46254,1.82776,0.972529,0,
0,0,0,0,0,0,0,0,0,0,
#
0,0,0,0,0,0,0,0,0,0,
0,0.916227,1.72194,2.31997,2.63818,2.63818,2.31997,1.72194,0.916227,0,
0,1.72194,3.2362,4.36013,4.95816,4.95816,4.36013,3.2362,1.72194,0,
0,2.31997,4.36013,5.8744,6.68012,6.68012,5.8744,4.36013,2.31997,0,
0,2.63818,4.95816,6.68012,7.59636,7.59636,6.68012,4.95816,2.63818,0,
0,2.63818,4.95816,6.68012,7.59636,7.59636,6.68012,4.95816,2.63818,0,
0,2.31997,4.36013,5.8744,6.68012,6.68012,5.8744,4.36013,2.31997,0,
0,1.72194,3.2362,4.36013,4.95816,4.95816,4.36013,3.2362,1.72194,0,
0,0.916227,1.72194,2.31997,2.63818,2.63818,2.31997,1.72194,0.916227,0,
0,0,0,0,0,0,0,0,0,0,
#
0,0,0,0,0,0,0,0,0,0,
0,0.863183,1.62226,2.18566,2.48544,2.48544,2.18566,1.62226,0.863183,0,
0,1.62226,3.04884,4.1077,4.67111,4.67111,4.1077,3.04884,1.62226,0,
0,2.18566,4.1077,5.5343,6.29338,6.29338,5.5343,4.1077,2.18566,0,
0,2.48544,4.67111,6.29338,7.15657,7.15657,6.29338,4.67111,2.48544,0,
0,2.48544,4.67111,6.29338,7.15657,7.15657,6.29338,4.67111,2.48544,0,
0,2.18566,4.1077,5.5343,6.29338,6.29338,5.5343,4.1077,2.18566,0,
0,1.62226,3.04884,4.1077,4.67111,4.67111,4.1077,3.04884,1.62226,0,
0,0.863183,1.62226,2.18566,2.48544,2.48544,2.18566,1.62226,0.863183,0,
0,0,0,0,0,0,0,0,0,0,
#
0,0,0,0,0,0,0,0,0,0,
0,0.81321,1.52833,2.05912,2.34155,2.34155,2.05912,1.52833,0.81321,0,
0,1.52833,2.87233,3.86989,4.40068,4.40068,3.86989,2.87233,1.52833,0,
0,2.05912,3.86989,5.21389,5.92902,5.92902,5.21389,3.86989,2.05912,0,
0,2.34155,4.40068,5.92902,6.74224,6.74224,5.92902,4.40068,2.34155,0,
0,2.34155,4.40068,5.92902,6.74224,6.74224,5.92902,4.40068,2.34155,0,
0,2.05912,3.86989,5.21389,5.92902,5.92902,5.21389,3.86989,2.05912,0,
0,1.52833,2.87233,3.86989,4.40068,4.40068,3.86989,2.87233,1.52833,0,
0,0.81321,1.52833,2.05912,2.34155,2.34155,2.05912,1.52833,0.81321,0,
0,0,0,0,0,0,0,0,0,0,
#
0,0,0,0,0,0,0,0,0,0,
0,0.766129,1.43985,1.93991,2.20599,2.20599,1.93991,1.43985,0.766129,0,
0,1.43985,2.70604,3.64584,4.1459,4.1459,3.64584,2.70604,1.43985,0,
0,1.93991,3.64584,4.91203,5.58576,5.58576,4.91203,3.64584,1.93991,0,
0,2.20599,4.1459,5.58576,6.35189,6.35189,5.58576,4.1459,2.20599,0,
0,2.20599,4.1459,5.58576,6.35189,6.35189,5.58576,4.1459,2.20599,0,
0,1.93991,3.64584,4.91203,5.58576,5.58576,4.91203,3.64584,1.93991,0,
0,1.43985,2.70604,3.64584,4.1459,4.1459,3.64584,2.70604,1.43985,0,
0,0.766129,1.43985,1.93991,2.20599,2.20599,1.93991,1.43985,0.766129,0,
0,0,0,0,0,0,0,0,0,0,
#
0,0,0,0,0,0,0,0,0,0,
0,0.721775,1.35649,1.8276,2.07827,2.07827,1.8276,1.35649,0.721775,0,
0,1.35649,2.54937,3.43476,3.90587,3.90587,3.43476,2.54937,1.35649,0,
0,1.8276,3.43476,4.62765,5.26237,5.26237,4.62765,3.43476,1.8276,0,
0,2.07827,3.90587,5.26237,5.98415,5.98415,5.26237,3.90587,2.07827,0,
0,2.07827,3.90587,5.26237,5.98415,5.98415,5.26237,3.90587,2.07827,0,
0,1.8276,3.43476,4.62765,5.26237,5.26237,4.62765,3.43476,1.8276,0,
0,1.35649,2.54937,3.43476,3.90587,3.90587,3.43476,2.54937,1.35649,0,
0,0.721775,1.35649,1.8276,2.07827,2.07827,1.8276,1.35649,0.721775,0,
0,0,0,0,0,0,0,0,0,0,
#
0,0,0,0,0,0,0,0,0,0,
0,0.679988,1.27796,1.72179,1.95795,1.95795,1.72179,1.27796,0.679988,0,
0,1.27796,2.40178,3.23591,3.67974,3.67974,3.23591,2.40178,1.27796,0,
0,1.72179,3.23591,4.35973,4.9577,4.9577,4.35973,3.23591,1.72179,0,
0,1.95795,3.67974,4.9577,5.63769,5.63769,4.9577,3.67974,1.95795,0,
0,1.95795,3.67974,4.9577,5.63769,5.63769,4.9577,3.67974,1.95795,0,
0,1.72179,3.23591,4.35973,4.9577,4.9577,4.35973,3.23591,1.72179,0,
0,1.27796,2.40178,3.23591,3.67974,3.67974,3.23591,2.40178,1.27796,0,
0,0.679988,1.27796,1.72179,1.95795,1.95795,1.72179,1.27796,0.679988,0,
0,0,0,0,0,0,0,0,0,0,
#
0,0,0,0,0,0,0,0,0,0,
0,0.64062,1.20397,1.62211,1.84459,1.84459,1.62211,1.20397,0.64062,0,
0,1.20397,2.26273,3.04857,3.4667,3.4667,3.04857,2.26273,1.20397,0,
0,1.62211,3.04857,4.10732,4.67068,4.67068,4.10732,3.04857,1.62211,0,
0,1.84459,3.4667,4.67068,5.3113,5.3113,4.67068,3.4667,1.84459,0,
0,1.84459,3.4667,4.67068,5.3113,5.3113,4.67068,3.4667,1.84459,0,
0,1.62211,3.04857,4.10732,4.67068,4.67068,4.10732,3.04857,1.62211,0,
0,1.20397,2.26273,3.04857,3.4667,3.4667,3.04857,2.26273,1.20397,0,
0,0.64062,1.20397,1.62211,1.84459,1.84459,1.62211,1.20397,0.64062,0,
0,0,0,0,0,0,0,0,0,0,
#
0,0,0,0,0,0,0,0,0,0,
0,0.603531,1.13427,1.5282,1.7378,1.7378,1.5282,1.13427,0.603531,0,
0,1.13427,2.13173,2.87207,3.266,3.266,2.87207,2.13173,1.13427,0,
0,1.5282,2.87207,3.86953,4.40027,4.40027,3.86953,2.87207,1.5282,0,
0,1.7378,3.266,4.40027,5.0038,5.0038,4.40027,3.266,1.7378,0,
0,1.7378,3.266,4.40027,5.0038,5.0038,4.40027,3.266,1.7378,0,
0,1.5282,2.87207,3.86953,4.40027,4.40027,3.86953,2.87207,1.5282,0,
0,1.13427,2.13173,2.87207,3.266,3.266,2.87207,2.13173,1.13427,0,
0,0.603531,1.13427,1.5282,1.7378,1.7378,1.5282,1.13427,0.603531,0,
0,0,0,0,0,0,0,0,0,0,
#
0,0,0,0,0,0,0,0,0,0,
0,0.56859,1.0686,1.43972,1.63719,1.63719,1.43972,1.0686,0.56859,0,
0,1.0686,2.00831,2.70579,3.07691,3.07691,2.70579,2.00831,1.0686,0,
0,1.43972,2.70579,3.6455,4.14551,4.14551,3.6455,2.70579,1.43972,0,
0,1.63719,3.07691,4.14551,4.7141,4.7141,4.14551,3.07691,1.63719,0,
0,1.63719,3.07691,4.14551,4.7141,4.7141,4.14551,3.07691,1.63719,0,
0,1.43972,2.70579,3.6455,4.14551,4.14551,3.6455,2.70579,1.43972,0,
0,1.0686,2.00831,2.70579,3.07691,3.07691,2.70579,2.00831,1.0686,0,
0,0.56859,1.0686,1.43972,1.63719,1.63719,1.43972,1.0686,0.56859,0,
0,0,0,0,0,0,0,0,0,0,
#
0,0,0,0,0,0,0,0,0,0,
0,0.535671,1.00673,1.35637,1.54241,1.54241,1.35637,1.00673,0.535671,0,
0,1.00673,1.89204,2.54914,2.89877,2.89877,2.54914,1.89204,1.00673,0,
0,1.35637,2.54914,3.43445,3.90551,3.90551,3.43445,2.54914,1.35637,0,
0,1.54241,2.89877,3.90551,4.44118,4.44118,3.90551,2.89877,1.54241,0,
0,1.54241,2.89877,3.90551,4.44118,4.44118,3.90551,2.89877,1.54241,0,
0,1.35637,2.54914,3.43445,3.90551,3.90551,3.43445,2.54914,1.35637,0,
0,1.00673,1.89204,2.54914,2.89877,2.89877,2.54914,1.89204,1.00673,0,
0,0.535671,1.00673,1.35637,1.54241,1.54241,1.35637,1.00673,0.535671,0,
0,0,0,0,0,0,0,0,0,0,
#
0,0,0,0,0,0,0,0,0,0,
0,0.504659,0.948448,1.27784,1.45311,1.45311,1.27784,0.948448,0.504659,0,
0,0.948448,1.7825,2.40156,2.73095,2.73095,2.40156,1.7825,0.948448,0,
0,1.27784,2.40156,3.23561,3.6794,3.6794,3.23561,2.40156,1.27784,0,
0,1.45311,2.73095,3.6794,4.18406,4.18406,3.6794,2.73095,1.45311,0,
0,1.45311,2.73095,3.6794,4.18406,4.18406,3.6794,2.73095,1.45311,0,
0,1.27784,2.40156,3.23561,3.6794,3.6794,3.23561,2.40156,1.27784,0,
0,0.948448,1.7825,2.40156,2.73095,2.73095,2.40156,1.7825,0.948448,0,
0,0.504659,0.948448,1.27784,1.45311,1.45311,1.27784,0.948448,0.504659,0,
0,0,0,0,0,0,0,0,0,0,
#
0,0,0,0,0,0,0,0,0,0,
0,0.475442,0.893538,1.20386,1.36898,1.36898,1.20386,0.893538,0.475442,0,
0,0.893538,1.6793,2.26252,2.57284,2.57284,2.26252,1.6793,0.893538,0,
0,1.20386,2.26252,3.04828,3.46638,3.46638,3.04828,2.26252,1.20386,0,
0,1.36898,2.57284,3.46638,3.94182,3.94182,3.46638,2.57284,1.36898,0,
0,1.36898,2.57284,3.46638,3.94182,3.94182,3.46638,2.57284,1.36898,0,
0,1.20386,2.26252,3.04828,3.46638,3.46638,3.04828,2.26252,1.20386,0,
0,0.893538,1.6793,2.26252,2.57284,2.57284,2.26252,1.6793,0.893538,0,
0,0.475442,0.893538,1.20386,1.36898,1.36898,1.20386,0.893538,0.475442,0,
0,0,0,0,0,0,0,0,0,0,
#
0,0,0,0,0,0,0,0,0,0,
0,0.447916,0.841807,1.13416,1.28972,1.28972,1.13416,0.841807,0.447916,0,
0,0.841807,1.58208,2.13153,2.42389,2.42389,2.13153,1.58208,0.841807,0,
0,1.13416,2.13153,2.8718,3.26569,3.26569,2.8718,2.13153,1.13416,0,
0,1.28972,2.42389,3.26569,3.71361,3.71361,3.26569,2.42389,1.28972,0,
0,1.28972,2.42389,3.26569,3.71361,3.71361,3.26569,2.42389,1.28972,0,
0,1.13416,2.13153,2.8718,3.26569,3.26569,2.8718,2.13153,1.13416,0,
0,0.841807,1.58208,2.13153,2.42389,2.42389,2.13153,1.58208,0.841807,0,
0,0.447916,0.841807,1.13416,1.28972,1.28972,1.13416,0.841807,0.447916,0,
0,0,0,0,0,0,0,0,0,0,
#
0,0,0,0,0,0,0,0,0,0,
0,0.421984,0.79307,1.0685,1.21505,1.21505,1.0685,0.79307,0.421984,0,
0,0.79307,1.49048,2.00812,2.28355,2.28355,2.00812,1.49048,0.79307,0,
0,1.0685,2.00812,2.70554,3.07663,3.07663,2.70554,2.00812,1.0685,0,
0,1.21505,2.28355,3.07663,3.49861,3.49861,3.07663,2.28355,1.21505,0,
0,1.21505,2.28355,3.07663,3.49861,3.49861,3.07663,2.28355,1.21505,0,
0,1.0685,2.00812,2.70554,3.07663,3.07663,2.70554,2.00812,1.0685,0,
0,0.79307,1.49048,2.00812,2.28355,2.28355,2.00812,1.49048,0.79307,0,
0,0.421984,0.79307,1.0685,1.21505,1.21505,1.0685,0.79307,0.421984,0,
0,0,0,0,0,0,0,0,0,0,
#
0,0,0,0,0,0,0,0,0,0,
0,0.397553,0.747155,1.00664,1.14471,1.14471,1.00664,0.747155,0.397553,0,
0,0.747155,1.40419,1.89186,2.15135,2.15135,1.89186,1.40419,0.747155,0,
0,1.00664,1.89186,2.5489,2.8985,2.8985,2.5489,1.89186,1.00664,0,
0,1.14471,2.15135,2.8985,3.29606,3.29606,2.8985,2.15135,1.14471,0,
0,1.14471,2.15135,2.8985,3.29606,3.29606,2.8985,2.15135,1.14471,0,
0,1.00664,1.89186,2.5489,2.8985,2.8985,2.5489,1.89186,1.00664,0,
0,0.747155,1.40419,1.89186,2.15135,2.15135,1.89186,1.40419,0.747155,0,
0,0.397553,0.747155,1.00664,1.14471,1.14471,1.00664,0.747155,0.397553,0,
0,0,0,0,0,0,0,0,0,0,
#
0,0,0,0,0,0,0,0,0,0,
0,0.374537,0.703899,0.94836,1.07844,1.07844,0.94836,0.703899,0.374537,0,
0,0.703899,1.3229,1.78233,2.0268,2.0268,1.78233,1.3229,0.703899,0,
0,0.94836,1.78233,2.40133,2.73069,2.73069,2.40133,1.78233,0.94836,0,
0,1.07844,2.0268,2.73069,3.10523,3.10523,2.73069,2.0268,1.07844,0,
0,1.07844,2.0268,2.73069,3.10523,3.10523,2.73069,2.0268,1.07844,0,
0,0.94836,1.78233,2.40133,2.73069,2.73069,2.40133,1.78233,0.94836,0,
0,0.703899,1.3229,1.78233,2.0268,2.0268,1.78233,1.3229,0.703899,0,
0,0.374537,0.703899,0.94836,1.07844,1.07844,0.94836,0.703899,0.374537,0,
0,0,0,0,0,0,0,0,0,0,
#
0,0,0,0,0,0,0,0,0,0,
0,0.352853,0.663146,0.893455,1.016,1.016,0.893455,0.663146,0.352853,0,
0,0.663146,1.24631,1.67915,1.90945,1.90945,1.67915,1.24631,0.663146,0,
0,0.893455,1.67915,2.26231,2.5726,2.5726,2.26231,1.67915,0.893455,0,
0,1.016,1.90945,2.5726,2.92545,2.92545,2.5726,1.90945,1.016,0,
0,1.016,1.90945,2.5726,2.92545,2.92545,2.5726,1.90945,1.016,0,
0,0.893455,1.67915,2.26231,2.5726,2.5726,2.26231,1.67915,0.893455,0,
0,0.663146,1.24631,1.67915,1.90945,1.90945,1.67915,1.24631,0.663146,0,
0,0.352853,0.663146,0.893455,1.016,1.016,0.893455,0.663146,0.352853,0,
0,0,0,0,0,0,0,0,0,0,
#
0,0,0,0,0,0,0,0,0,0,
0,0.332424,0.624754,0.841728,0.957178,0.957178,0.841728,0.624754,0.332424,0,
0,0.624754,1.17415,1.58193,1.79891,1.79891,1.58193,1.17415,0.624754,0,
0,0.841728,1.58193,2.13133,2.42366,2.42366,2.13133,1.58193,0.841728,0,
0,0.957178,1.79891,2.42366,2.75608,2.75608,2.42366,1.79891,0.957178,0,
0,0.957178,1.79891,2.42366,2.75608,2.75608,2.42366,1.79891,0.957178,0,
0,0.841728,1.58193,2.13133,2.42366,2.42366,2.13133,1.58193,0.841728,0,
0,0.624754,1.17415,1.58193,1.79891,1.79891,1.58193,1.17415,0.624754,0,
0,0.332424,0.624754,0.841728,0.957178,0.957178,0.841728,0.624754,0.332424,0,
0,0,0,0,0,0,0,0,0,0,
#
0,0,0,0,0,0,0,0,0,0,
0,0.313179,0.588583,0.792996,0.901762,0.901762,0.792996,0.588583,0.313179,0,
0,0.588583,1.10617,1.49035,1.69476,1.69476,1.49035,1.10617,0.588583,0,
0,0.792996,1.49035,2.00794,2.28334,2.28334,2.00794,1.49035,0.792996,0,
0,0.901762,1.69476,2.28334,2.59652,2.59652,2.28334,1.69476,0.901762,0,
0,0.901762,1.69476,2.28334,2.59652,2.59652,2.28334,1.69476,0.901762,0,
0,0.792996,1.49035,2.00794,2.28334,2.28334,2.00794,1.49035,0.792996,0,
0,0.588583,1.10617,1.49035,1.69476,1.69476,1.49035,1.10617,0.588583,0,
0,0.313179,0.588583,0.792996,0.901762,0.901762,0.792996,0.588583,0.313179,0,
0,0,0,0,0,0,0,0,0,0,
#
0,0,0,0,0,0,0,0,0,0,
0,0.295047,0.554507,0.747086,0.849555,0.849555,0.747086,0.554507,0.295047,0,
0,0.554507,1.04213,1.40406,1.59664,1.59664,1.40406,1.04213,0.554507,0,
0,0.747086,1.40406,1.89169,2.15115,2.15115,1.89169,1.40406,0.747086,0,
0,0.849555,1.59664,2.15115,2.44619,2.44619,2.15115,1.59664,0.849555,0,
0,0.849555,1.59664,2.15115,2.44619,2.44619,2.15115,1.59664,0.849555,0,
0,0.747086,1.40406,1.89169,2.15115,2.15115,1.89169,1.40406,0.747086,0,
0,0.554507,1.04213,1.40406,1.59664,1.59664,1.40406,1.04213,0.554507,0,
0,0.295047,0.554507,0.747086,0.849555,0.849555,0.747086,0.554507,0.295047,0,
0,0,0,0,0,0,0,0,0,0,
#
0,0,0,0,0,0,0,0,0,0,
0,0.277965,0.522404,0.703833,0.800369,0.800369,0.703833,0.522404,0.277965,0,
0,0.522404,0.981799,1.32277,1.5042,1.5042,1.32277,0.981799,0.522404,0,
0,0.703833,1.32277,1.78217,2.02661,2.02661,1.78217,1.32277,0.703833,0,
0,0.800369,1.5042,2.02661,2.30457,2.30457,2.02661,1.5042,0.800369,0,
0,0.800369,1.5042,2.02661,2.30457,2.30457,2.02661,1.5042,0.800369,0,
0,0.703833,1.32277,1.78217,2.02661,2.02661,1.78217,1.32277,0.703833,0,
0,0.522404,0.981799,1.32277,1.5042,1.5042,1.32277,0.981799,0.522404,0,
0,0.277965,0.522404,0.703833,0.800369,0.800369,0.703833,0.522404,0.277965,0,
0,0,0,0,0,0,0,0,0,0,
#
0,0,0,0,0,0,0,0,0,0,
0,0.261873,0.492159,0.663085,0.754032,0.754032,0.663085,0.492159,0.261873,0,
0,0.492159,0.924957,1.24619,1.41712,1.41712,1.24619,0.924957,0.492159,0,
0,0.663085,1.24619,1.67899,1.90928,1.90928,1.67899,1.24619,0.663085,0,
0,0.754032,1.41712,1.90928,2.17115,2.17115,1.90928,1.41712,0.754032,0,
0,0.754032,1.41712,1.90928,2.17115,2.17115,1.90928,1.41712,0.754032,0,
0,0.663085,1.24619,1.67899,1.90928,1.90928,1.67899,1.24619,0.663085,0,
0,0.492159,0.924957,1.24619,1.41712,1.41712,1.24619,0.924957,0.492159,0,
0,0.261873,0.492159,0.663085,0.754032,0.754032,0.663085,0.492159,0.261873,0,
0,0,0,0,0,0,0,0,0,0,
#
0,0,0,0,0,0,0,0,0,0,
0,0.246711,0.463666,0.624695,0.710377,0.710377,0.624695,0.463666,0.246711,0,
0,0.463666,0.871407,1.17404,1.33507,1.33507,1.17404,0.871407,0.463666,0,
0,0.624695,1.17404,1.58178,1.79874,1.79874,1.58178,1.17404,0.624695,0,
0,0.710377,1.33507,1.79874,2.04545,2.04545,1.79874,1.33507,0.710377,0,
0,0.710377,1.33507,1.79874,2.04545,2.04545,1.79874,1.33507,0.710377,0,
0,0.624695,1.17404,1.58178,1.79874,1.79874,1.58178,1.17404,0.624695,0,
0,0.463666,0.871407,1.17404,1.33507,1.33507,1.17404,0.871407,0.463666,0,
0,0.246711,0.463666,0.624695,0.710377,0.710377,0.624695,0.463666,0.246711,0,
0,0,0,0,0,0,0,0,0,0,
#
0,0,0,0,0,0,0,0,0,0,
0,0.232428,0.436822,0.588529,0.66925,0.66925,0.588529,0.436822,0.232428,0,
0,0.436822,0.820957,1.10607,1.25778,1.25778,1.10607,0.820957,0.436822,0,
0,0.588529,1.10607,1.49021,1.6946,1.6946,1.49021,1.10607,0.588529,0,
0,0.66925,1.25778,1.6946,1.92703,1.92703,1.6946,1.25778,0.66925,0,
0,0.66925,1.25778,1.6946,1.92703,1.92703,1.6946,1.25778,0.66925,0,
0,0.588529,1.10607,1.49021,1.6946,1.6946,1.49021,1.10607,0.588529,0,
